m: 1.56
g: 9.81
Jx: 0.114700
Jy: 0.057600
Jz: 0.171200
x0: [0.0, 0.0, 5.0, 0.0, 0.0, 0.0, 0.0, 0.0, 0.0, 0.0, 0.0, 0.0]
test: "test_string"
